0 nan
1 0.00586775
2 0.00546881
3 0.00510679
4 0.00477526
5 0.00447153
6 0.00419721
7 0.00394473
8 0.00371555
9 0.00350754
10 0.00331936
11 0.00314462
12 0.00298198
13 0.00283217
14 0.0026961
15 0.0025659
16 0.00244328
17 0.00232921
18 0.00222202
19 0.00211997
20 0.00202448
21 0.00193535
22 0.00185064
23 0.00177111
24 0.00169522
25 0.00162579
26 0.00156
27 0.00149686
28 0.00143711
29 0.00138024
30 0.00132427
31 0.00127202
32 0.00122202
33 0.00117571
34 0.00113169
35 0.0010912
36 0.00105293
37 0.00101866
38 0.000987088
39 0.000958249
40 0.000931347
41 0.000905507
42 0.00088033
43 0.000858045
44 0.000837801
45 0.00082028
46 0.000806317
47 0.000793943
48 0.000781568
49 0.000769313
50 0.00075703
51 0.000744213
52 0.000733959
53 0.000724339
54 0.000713465
55 0.00070368
56 0.000695423
57 0.00068956
58 0.000686143
59 0.000681493
60 0.000678559
61 0.000676794
62 0.000676597
63 0.000677044
64 0.000676741
65 0.000674518
66 0.000672212
67 0.000669633
68 0.000666305
69 0.000662075
70 0.000654392
71 0.000648285
72 0.000642937
73 0.000636516
74 0.000627256
75 0.000617492
76 0.000607106
77 0.000596162
78 0.000586106
79 0.000579651
80 0.000571729
81 0.000563565
82 0.000555806
83 0.000547655
84 0.000542449
85 0.000537757
86 0.000531428
87 0.000524747
88 0.000521243
89 0.000520254
90 0.000520892
91 0.000519158
92 0.000518232
93 0.000516788
94 0.000516201
95 0.000514603
96 0.000510818
97 0.000509267
98 0.000507182
99 0.000503367
100 0.000499775
101 0.000498588
102 0.000499591
103 0.000498781
104 0.000494761
105 0.000489479
106 0.000485405
107 0.000480477
108 0.000472502
109 0.00046636
110 0.000461664
111 0.000456501
112 0.00045056
113 0.000446016
114 0.000440772
115 0.000434267
116 0.000431787
117 0.000427956
118 0.000422634
119 0.000417173
120 0.000410743
121 0.000404913
122 0.000399144
123 0.000395691
124 0.000391135
125 0.000385982
126 0.000384189
127 0.000381357
128 0.00037604
129 0.000371265
130 0.000364642
131 0.000356851
132 0.000349443
133 0.000341253
134 0.000335101
135 0.000330234
136 0.000326368
137 0.000325525
138 0.000325922
139 0.000327528
140 0.000328276
141 0.000325379
142 0.000324079
143 0.000320109
144 0.00031598
145 0.000312892
146 0.000310994
147 0.000310091
148 0.000307705
149 0.000305578
150 0.000302129
151 0.000300339
152 0.000298148
153 0.000297205
154 0.000295833
155 0.000296702
156 0.000298184
157 0.000298447
158 0.000297954
159 0.000296118
160 0.000293915
161 0.000292935
162 0.000289612
163 0.000288256
164 0.000287857
165 0.000287487
166 0.000288504
167 0.000288779
168 0.00028632
169 0.00028513
170 0.000286386
171 0.000287526
172 0.000286739
173 0.000288638
174 0.000289633
175 0.000289838
176 0.000290559
177 0.000288103
178 0.000287697
179 0.000286908
180 0.000284294
181 0.000281576
182 0.000280711
183 0.00027551
184 0.000271807
185 0.000270144
186 0.000267852
187 0.000267153
188 0.000263976
189 0.000262283
190 0.000257987
191 0.000255248
192 0.000252305
193 0.000250917
194 0.000249409
195 0.000246813
196 0.000244892
197 0.000241021
198 0.000237645
199 0.000234898
200 0.000233195
201 0.000230967
202 0.000228885
203 0.000225649
204 0.000222834
205 0.000219233
206 0.000214084
207 0.000207866
208 0.000202306
209 0.000196382
210 0.000190988
211 0.000185776
212 0.000182064
213 0.000179756
214 0.000177318
215 0.000176192
216 0.000173366
217 0.000171798
218 0.000167489
219 0.000164015
220 0.00016086
221 0.000157081
222 0.000154387
223 0.000151779
224 0.000151034
225 0.000149643
226 0.000150234
227 0.000150365
228 0.000148206
229 0.00014551
230 0.000141589
231 0.000137128
232 0.000132871
233 0.000130234
234 0.00012743
235 0.000125372
236 0.000123421
237 0.000122225
238 0.000122545
239 0.00012108
240 0.000121662
241 0.000123615
242 0.00012584
243 0.00012973
244 0.000131819
245 0.000132709
246 0.000133111
247 0.000133012
248 0.000132923
249 0.000133844
250 0.000134934
251 0.000135394
252 0.000136985
253 0.000137958
254 0.000142444
255 0.000142254
256 0.000142401
257 0.000141828
258 0.000142962
259 0.000143303
260 0.000145506
261 0.00014693
262 0.000150428
263 0.000151574
264 0.000154704
265 0.000152958
266 0.000151412
267 0.000152163
268 0.000152822
269 0.000152976
270 0.000152944
271 0.000153512
272 0.000156469
273 0.00015835
274 0.000159244
275 0.000164088
276 0.000167063
277 0.000170659
278 0.000176055
279 0.000179339
280 0.000181331
281 0.000181332
282 0.000182344
283 0.000184003
284 0.000188102
285 0.000188714
286 0.000186989
287 0.000183602
288 0.000180601
289 0.000176652
290 0.000172108
291 0.000170058
292 0.000166702
293 0.000162175
294 0.000157892
295 0.000151314
296 0.0001445
297 0.000138683
298 0.000130521
299 0.000124134
300 0.000117294
301 0.000110311
302 0.000104779
303 9.93734e-05
304 9.49047e-05
305 9.37239e-05
306 9.33793e-05
307 9.27785e-05
308 9.58012e-05
309 9.90701e-05
310 0.000101271
311 0.000100822
312 0.000100876
313 0.000100867
314 0.000100836
315 0.000101108
316 0.000102621
317 0.000106018
318 0.000104726
319 0.000102893
320 9.94026e-05
321 9.54187e-05
322 9.14883e-05
323 8.89969e-05
324 8.48448e-05
325 8.22322e-05
326 7.90946e-05
327 7.38188e-05
328 6.8141e-05
329 6.17396e-05
330 5.36173e-05
331 4.4606e-05
332 3.57785e-05
333 2.85148e-05
334 2.22924e-05
335 1.96785e-05
336 1.89639e-05
337 1.80235e-05
338 1.63617e-05
339 1.69974e-05
340 1.56136e-05
341 1.25103e-05
342 1.20957e-05
343 9.68022e-06
344 7.68568e-06
345 6.78802e-06
346 4.77682e-06
347 5.62585e-06
348 4.2348e-06
349 3.56059e-06
350 3.22726e-06
351 2.23448e-06
352 3.41956e-06
353 7.78922e-06
354 9.76038e-06
355 1.04008e-05
356 1.37282e-05
357 1.83581e-05
358 2.46412e-05
359 2.77765e-05
360 3.27761e-05
361 3.85559e-05
362 4.56142e-05
363 5.35654e-05
364 6.05194e-05
365 6.73161e-05
366 7.49493e-05
367 7.86529e-05
368 8.14365e-05
369 8.58844e-05
370 8.91453e-05
371 9.14995e-05
372 9.32023e-05
373 9.43078e-05
374 9.76861e-05
375 9.85193e-05
376 9.97132e-05
377 0.000100865
378 9.98631e-05
379 0.000103231
380 0.000107066
381 0.000107226
382 0.000111405
383 0.000113635
384 0.00011214
385 0.000114182
386 0.000111177
387 0.000109492
388 0.000108234
389 0.000110378
390 0.000113915
391 0.000114013
392 0.000112946
393 0.00011277
394 0.000113973
395 0.000114516
396 0.000119155
397 0.000124251
398 0.000127935
399 0.000131478
400 0.000134632
401 0.000137034
402 0.000139667
403 0.0001454
404 0.000151124
405 0.000155772
406 0.000159807
407 0.000164886
408 0.00016997
409 0.000175509
410 0.000179904
411 0.000180982
412 0.00017956
413 0.000178111
414 0.000177463
415 0.000177611
416 0.000180064
417 0.000181527
418 0.000185196
419 0.000187407
420 0.000192626
421 0.000194843
422 0.000197702
423 0.000197589
424 0.000196409
425 0.000196694
426 0.000197316
427 0.000197296
428 0.000197386
429 0.000195088
430 0.000195404
431 0.000197862
432 0.000197789
433 0.000197217
434 0.000195288
435 0.000192579
436 0.000192435
437 0.00019204
438 0.000190781
439 0.000190654
440 0.000191264
441 0.000191592
442 0.000193551
443 0.000197522
444 0.000198143
445 0.000197863
446 0.000198201
447 0.000199161
448 0.000199418
449 0.000200279
450 0.000198004
451 0.00019293
452 0.000186412
453 0.000178276
454 0.00016995
455 0.000161739
456 0.000153694
457 0.000147254
458 0.000142073
459 0.00013619
460 0.000132497
461 0.000128128
462 0.00012551
463 0.000123196
464 0.000120661
465 0.000117408
466 0.000113118
467 0.000108835
468 0.000106165
469 0.000101957
470 9.67656e-05
471 8.89325e-05
472 8.2058e-05
473 7.71671e-05
474 7.35421e-05
475 7.28392e-05
476 7.08428e-05
477 6.77967e-05
478 6.5828e-05
479 6.26291e-05
480 5.78925e-05
481 5.38841e-05
482 5.17062e-05
483 4.97699e-05
484 4.64542e-05
485 4.53171e-05
486 4.35546e-05
487 4.01282e-05
488 3.8081e-05
489 3.53463e-05
490 3.41744e-05
491 3.35696e-05
492 3.04157e-05
493 2.92531e-05
494 2.6955e-05
495 2.76986e-05
496 2.63025e-05
497 2.49902e-05
498 2.37348e-05
499 2.32927e-05
500 2.27933e-05
501 1.98435e-05
502 1.67486e-05
503 1.3866e-05
504 1.10679e-05
505 8.05051e-06
506 5.08857e-06
507 1.40124e-06
508 -1.69489e-06
509 -4.93074e-06
510 -7.36477e-06
511 -9.68626e-06
512 -1.29765e-05
513 -1.64403e-05
514 -2.03636e-05
515 -2.63224e-05
516 -2.89437e-05
517 -3.00973e-05
518 -2.9385e-05
519 -2.49888e-05
520 -2.26396e-05
521 -2.15895e-05
522 -2.1106e-05
523 -2.0326e-05
524 -2.24621e-05
525 -2.38114e-05
526 -2.6435e-05
527 -3.15561e-05
528 -3.55012e-05
529 -3.89243e-05
530 -4.06721e-05
531 -4.26661e-05
532 -4.4983e-05
533 -4.59137e-05
534 -4.74586e-05
535 -5.04416e-05
536 -5.04457e-05
537 -4.9313e-05
538 -4.34081e-05
539 -3.95107e-05
540 -3.54475e-05
541 -3.08107e-05
542 -2.71337e-05
543 -2.37952e-05
544 -1.91964e-05
545 -1.96048e-05
546 -1.88681e-05
547 -1.90316e-05
548 -2.15393e-05
549 -2.11848e-05
550 -2.33086e-05
551 -2.4271e-05
552 -2.4014e-05
553 -2.10794e-05
554 -1.8771e-05
555 -2.31471e-05
556 -2.83635e-05
557 -3.3069e-05
558 -3.89139e-05
559 -4.37621e-05
560 -4.84164e-05
561 -5.15457e-05
562 -5.17151e-05
563 -5.05118e-05
564 -4.96706e-05
565 -4.70806e-05
566 -4.71145e-05
567 -4.86817e-05
568 -4.94849e-05
569 -4.6584e-05
570 -4.44955e-05
571 -4.07435e-05
572 -3.93929e-05
573 -3.78414e-05
574 -3.41384e-05
575 -3.06457e-05
576 -2.60961e-05
577 -2.40431e-05
578 -2.24004e-05
579 -2.15767e-05
580 -2.22862e-05
581 -2.41607e-05
582 -2.60859e-05
583 -2.58261e-05
584 -2.58091e-05
585 -2.39083e-05
586 -2.10863e-05
587 -2.04644e-05
588 -2.049e-05
589 -2.02094e-05
590 -1.83979e-05
591 -1.53818e-05
592 -1.22981e-05
593 -8.70982e-06
594 -6.09404e-06
595 -5.2471e-06
596 -5.58681e-06
597 -5.69946e-06
598 -4.21329e-06
599 -2.722e-06
600 -1.00291e-06
601 1.01664e-06
602 2.27815e-07
603 1.96199e-06
604 4.68993e-06
605 4.89348e-06
606 5.40555e-06
607 2.5805e-06
608 2.19529e-07
609 -1.21615e-06
610 -1.11435e-06
611 -2.41663e-06
612 -1.47315e-06
613 -4.71925e-06
614 -7.77753e-06
615 -9.75771e-06
616 -1.09933e-05
617 -1.19744e-05
618 -1.37919e-05
619 -1.56622e-05
620 -1.85228e-05
621 -2.3344e-05
622 -2.86138e-05
623 -3.29958e-05
624 -3.95943e-05
625 -4.523e-05
626 -4.85932e-05
627 -5.0141e-05
628 -5.06475e-05
629 -4.85718e-05
630 -4.34883e-05
631 -3.65178e-05
632 -2.72106e-05
633 -2.29224e-05
634 -2.00102e-05
635 -1.74947e-05
636 -1.46573e-05
637 -1.25204e-05
638 -1.2012e-05
639 -1.41282e-05
640 -1.1772e-05
641 -1.05531e-05
642 -1.17932e-05
643 -1.41055e-05
644 -1.37816e-05
645 -1.3306e-05
646 -1.53183e-05
647 -1.53246e-05
648 -1.57777e-05
649 -1.34831e-05
650 -1.61294e-05
651 -1.55658e-05
652 -1.24892e-05
653 -7.61002e-06
654 -3.86319e-06
655 1.72285e-07
656 1.67597e-06
657 5.36602e-06
658 1.14369e-05
659 1.64066e-05
660 1.89415e-05
661 2.00747e-05
662 2.18792e-05
663 2.57652e-05
664 2.71672e-05
665 2.98016e-05
666 3.11303e-05
667 3.10085e-05
668 3.02259e-05
669 2.93366e-05
670 2.82317e-05
671 2.84153e-05
672 3.13623e-05
673 3.37219e-05
674 3.26655e-05
675 2.99141e-05
676 2.71952e-05
677 2.47214e-05
678 2.04319e-05
679 1.79981e-05
680 1.47119e-05
681 1.3748e-05
682 1.4238e-05
683 1.64691e-05
684 1.80601e-05
685 2.16067e-05
686 2.14179e-05
687 2.04056e-05
688 2.03157e-05
689 2.30236e-05
690 2.48139e-05
691 2.46647e-05
692 2.35513e-05
693 2.60111e-05
694 2.77683e-05
695 2.8293e-05
696 2.99342e-05
697 3.51317e-05
698 3.79142e-05
699 3.98681e-05
700 4.14844e-05
701 4.54042e-05
702 4.86963e-05
703 5.04334e-05
704 5.20103e-05
705 5.26653e-05
706 5.31668e-05
707 5.44625e-05
708 5.68198e-05
709 5.73775e-05
710 5.59014e-05
711 5.44951e-05
712 5.29771e-05
713 5.391e-05
714 5.47092e-05
715 5.42315e-05
716 5.06245e-05
717 4.58728e-05
718 4.33767e-05
719 3.95524e-05
720 3.57185e-05
721 3.0097e-05
722 2.65524e-05
723 2.07277e-05
724 1.45146e-05
725 8.55179e-06
726 5.18604e-06
727 1.96182e-06
728 -3.07203e-06
729 -6.49985e-06
730 -1.06719e-05
731 -1.4976e-05
732 -1.86737e-05
733 -1.87008e-05
734 -2.05255e-05
735 -2.04296e-05
736 -2.24703e-05
737 -2.45402e-05
738 -2.49626e-05
739 -2.56842e-05
740 -2.57881e-05
741 -2.86762e-05
742 -2.85935e-05
743 -2.86224e-05
744 -2.90038e-05
745 -3.10385e-05
746 -3.19821e-05
747 -3.28215e-05
748 -2.91254e-05
749 -2.87932e-05
750 -2.77546e-05
751 -2.72755e-05
752 -2.52153e-05
753 -2.49869e-05
754 -2.94343e-05
755 -3.34661e-05
756 -3.7842e-05
757 -4.19412e-05
758 -4.62838e-05
759 -4.69205e-05
760 -4.86785e-05
761 -4.66233e-05
762 -4.69935e-05
763 -4.5626e-05
764 -4.47637e-05
765 -4.61176e-05
766 -4.81873e-05
767 -5.11951e-05
768 -5.44979e-05
769 -5.82271e-05
770 -6.07519e-05
771 -6.33175e-05
772 -6.60076e-05
773 -6.84047e-05
774 -6.94753e-05
775 -7.08001e-05
776 -7.27568e-05
777 -7.52837e-05
778 -7.68207e-05
779 -8.01963e-05
780 -8.36048e-05
781 -8.94521e-05
782 -9.22167e-05
783 -9.26979e-05
784 -9.05477e-05
785 -9.07856e-05
786 -9.07794e-05
787 -9.03535e-05
788 -8.83358e-05
789 -8.61375e-05
790 -8.19278e-05
791 -7.42264e-05
792 -6.26169e-05
793 -4.67799e-05
794 -3.40288e-05
795 -2.4181e-05
796 -1.64557e-05
797 -6.2237e-06
798 5.29085e-06
799 1.35401e-05
800 1.94226e-05
801 2.57639e-05
802 3.26502e-05
803 3.98423e-05
804 4.27075e-05
805 4.55533e-05
806 4.67322e-05
807 4.81274e-05
808 4.74313e-05
809 4.72262e-05
810 4.62646e-05
811 4.33437e-05
812 4.00843e-05
813 3.63938e-05
814 3.38742e-05
815 3.1314e-05
816 2.8352e-05
817 2.41618e-05
818 1.96333e-05
819 1.65221e-05
820 1.31264e-05
821 8.69927e-06
822 4.80341e-06
823 2.91054e-06
824 5.633e-07
825 2.48778e-06
826 1.71316e-06
827 1.02505e-06
828 -1.18659e-07
829 -1.18801e-06
830 -2.5927e-06
831 -3.63576e-06
832 -2.81513e-06
833 -2.31007e-06
834 -2.55723e-06
835 -1.43282e-06
836 -4.11268e-06
837 -6.06797e-06
838 -7.24169e-06
839 -8.63025e-06
840 -9.59042e-06
841 -1.03122e-05
842 -1.06694e-05
843 -1.20784e-05
844 -1.27263e-05
845 -1.31887e-05
846 -1.33201e-05
847 -1.26357e-05
848 -1.1226e-05
849 -9.71988e-06
850 -8.15588e-06
851 -1.07543e-05
852 -1.52494e-05
853 -2.32752e-05
854 -2.91052e-05
855 -3.26213e-05
856 -3.41931e-05
857 -3.16992e-05
858 -3.12036e-05
859 -3.15468e-05
860 -3.13795e-05
861 -3.31166e-05
862 -3.22692e-05
863 -3.12079e-05
864 -3.08382e-05
865 -3.07863e-05
866 -3.10135e-05
867 -3.29537e-05
868 -3.20806e-05
869 -3.24916e-05
870 -3.28902e-05
871 -3.44778e-05
872 -3.69764e-05
873 -3.76982e-05
874 -3.65526e-05
875 -3.74513e-05
876 -3.65673e-05
877 -3.71316e-05
878 -3.84775e-05
879 -4.12247e-05
880 -4.38075e-05
881 -4.6293e-05
882 -5.21699e-05
883 -5.82139e-05
884 -6.48927e-05
885 -6.83292e-05
886 -7.12322e-05
887 -7.08123e-05
888 -7.03213e-05
889 -6.95305e-05
890 -6.74049e-05
891 -6.53307e-05
892 -6.31456e-05
893 -6.20382e-05
894 -5.92824e-05
895 -5.22578e-05
896 -4.60782e-05
897 -4.18595e-05
898 -3.2851e-05
899 -2.94683e-05
900 -2.47598e-05
901 -1.83427e-05
902 -1.01253e-05
903 -3.43745e-06
904 2.68085e-06
905 7.03773e-06
906 9.48529e-06
907 1.0764e-05
908 1.1258e-05
909 1.05213e-05
910 6.19332e-06
911 7.47538e-06
912 6.83582e-06
913 6.20327e-06
914 7.98865e-06
915 1.30399e-05
916 1.92522e-05
917 2.71834e-05
918 3.288e-05
919 3.75433e-05
920 4.3813e-05
921 4.7398e-05
922 5.55675e-05
923 6.53457e-05
924 7.69607e-05
925 8.5285e-05
926 9.42905e-05
927 0.000103788
928 0.000113518
929 0.000121492
930 0.000136084
931 0.00014938
932 0.000157578
933 0.000165876
934 0.000168978
935 0.000175334
936 0.000178142
937 0.000178112
938 0.000179127
939 0.000179732
940 0.000179629
941 0.000181573
942 0.000180701
943 0.000183638
944 0.000187057
945 0.000185147
946 0.000182196
947 0.000178751
948 0.000173438
949 0.000169007
950 0.000166261
951 0.000161042
952 0.000156867
953 0.000154015
954 0.000154252
955 0.000153729
956 0.000157274
957 0.000161072
958 0.00016626
959 0.000168478
960 0.000170118
961 0.000171461
962 0.000172847
963 0.000171365
964 0.000168565
965 0.000164691
966 0.000162214
967 0.000162577
968 0.000163217
969 0.000164271
970 0.000165967
971 0.000166948
972 0.00017022
973 0.000175012
974 0.000178834
975 0.000181273
976 0.000184654
977 0.000184214
978 0.000184743
979 0.000185341
980 0.000187052
981 0.000192098
982 0.000196764
983 0.000198734
984 0.000200101
985 0.000201139
986 0.000202119
987 0.000202363
988 0.000202114
989 0.000203355
990 0.000204394
991 0.000207
992 0.000210051
993 0.000211295
994 0.000214769
995 0.000215831
996 0.000217782
997 0.000218679
998 0.000219469
999 0.000220673
1000 0.000219981
1001 0.000215084
1002 0.00021203
1003 0.000209022
1004 0.00020721
1005 0.000208004
1006 0.000206911
1007 0.000207932
1008 0.00020751
1009 0.000207247
1010 0.000206384
1011 0.00021211
1012 0.000212698
1013 0.000211789
1014 0.000210503
1015 0.000208006
1016 0.000203605
1017 0.000199213
1018 0.000196942
1019 0.000196893
1020 0.000196013
1021 0.000196428
1022 0.00019504
1023 0.000192189
1024 0.000189299
1025 0.000184516
1026 0.000182892
1027 0.00018327
1028 0.000186978
1029 0.000192777
1030 0.00019869
1031 0.000204966
1032 0.000208609
1033 0.00021398
1034 0.000215066
1035 0.000218877
1036 0.000220241
1037 0.000218932
1038 0.000215729
1039 0.000211793
1040 0.00020591
1041 0.000201533
1042 0.000199848
1043 0.000197218
1044 0.00019198
1045 0.000186082
1046 0.000182102
1047 0.000176739
1048 0.000173124
1049 0.00017033
1050 0.000168801
1051 0.000167004
1052 0.000165335
1053 0.000163804
1054 0.0001641
1055 0.000164946
1056 0.00016383
1057 0.000164427
1058 0.000167897
1059 0.000171626
1060 0.000174382
1061 0.000173826
1062 0.000174856
1063 0.000172946
1064 0.000169566
1065 0.000164606
1066 0.000161449
1067 0.000160959
1068 0.000160891
1069 0.000159393
1070 0.000158298
1071 0.00015458
1072 0.000152605
1073 0.000149177
1074 0.00014519
1075 0.000139838
1076 0.000134804
1077 0.000129845
1078 0.000125273
1079 0.000124562
1080 0.000122362
1081 0.000118943
1082 0.000116474
1083 0.000115392
1084 0.000114721
1085 0.000114796
1086 0.000115915
1087 0.00011822
1088 0.000123678
1089 0.000124862
1090 0.000124331
1091 0.000119982
1092 0.000116162
1093 0.000110666
1094 0.000107221
1095 0.000102744
1096 0.000100633
1097 9.7544e-05
1098 9.15412e-05
1099 8.91051e-05
1100 8.53815e-05
1101 8.11053e-05
1102 7.78714e-05
1103 7.22563e-05
1104 6.53464e-05
1105 6.07884e-05
1106 5.31729e-05
1107 4.61594e-05
1108 3.86135e-05
1109 3.31739e-05
1110 2.9186e-05
1111 2.49462e-05
1112 1.89116e-05
1113 1.30358e-05
1114 8.99381e-06
1115 6.47061e-06
1116 7.4251e-06
1117 8.39782e-06
1118 1.20936e-05
1119 1.63899e-05
1120 1.70886e-05
1121 1.45184e-05
1122 1.14645e-05
1123 7.10974e-06
1124 3.98587e-06
1125 1.85922e-06
1126 -3.5884e-07
1127 -6.48149e-06
1128 -1.07604e-05
1129 -1.53803e-05
1130 -1.92227e-05
1131 -2.42027e-05
1132 -2.79746e-05
1133 -3.23985e-05
1134 -3.35299e-05
1135 -3.88367e-05
1136 -4.50506e-05
1137 -4.8804e-05
1138 -5.08246e-05
1139 -5.04292e-05
1140 -5.0056e-05
1141 -4.75573e-05
1142 -4.80141e-05
1143 -4.53019e-05
1144 -4.34858e-05
1145 -4.07934e-05
1146 -3.42675e-05
1147 -2.88901e-05
1148 -2.22121e-05
1149 -1.58126e-05
1150 -8.79927e-06
1151 2.68596e-06
1152 6.91522e-06
1153 7.92891e-06
1154 6.45501e-06
1155 6.40786e-06
1156 6.94735e-06
1157 6.30615e-06
1158 8.81443e-06
1159 9.35671e-06
1160 9.3543e-06
1161 1.28594e-05
1162 1.6524e-05
1163 1.79018e-05
1164 1.74593e-05
1165 1.56354e-05
1166 1.64198e-05
1167 1.92487e-05
1168 2.4196e-05
1169 2.86068e-05
1170 3.1033e-05
1171 3.58688e-05
1172 4.07747e-05
1173 4.41974e-05
1174 4.88767e-05
1175 5.08399e-05
1176 5.23718e-05
1177 5.15144e-05
1178 4.92032e-05
1179 4.79365e-05
1180 4.48305e-05
1181 4.0511e-05
1182 3.76279e-05
1183 3.62571e-05
1184 3.23083e-05
1185 2.81015e-05
1186 2.76725e-05
1187 2.48993e-05
1188 2.35187e-05
1189 2.17341e-05
1190 1.86073e-05
1191 1.74185e-05
1192 1.52505e-05
1193 1.31103e-05
1194 1.23686e-05
1195 1.09578e-05
1196 7.4678e-06
1197 1.15697e-06
1198 -2.79757e-06
1199 -5.71949e-06
1200 -9.57159e-06
1201 -1.2631e-05
1202 -1.60261e-05
1203 -1.73898e-05
1204 -1.98492e-05
1205 -2.00554e-05
1206 -2.11836e-05
1207 -2.14909e-05
1208 -2.31159e-05
1209 -2.63817e-05
1210 -2.71311e-05
1211 -2.80473e-05
1212 -2.76703e-05
1213 -2.7038e-05
1214 -2.63677e-05
1215 -2.59621e-05
1216 -2.61908e-05
1217 -2.49288e-05
1218 -2.31572e-05
1219 -2.37895e-05
1220 -2.47446e-05
1221 -2.79861e-05
1222 -3.06844e-05
1223 -3.59303e-05
1224 -4.07656e-05
1225 -4.30929e-05
1226 -4.47994e-05
1227 -4.44091e-05
1228 -4.37397e-05
1229 -4.32918e-05
1230 -4.30059e-05
1231 -4.73162e-05
1232 -5.22065e-05
1233 -5.74662e-05
1234 -6.23179e-05
1235 -6.47454e-05
1236 -6.54925e-05
1237 -6.69725e-05
1238 -6.50908e-05
1239 -5.83649e-05
1240 -5.58966e-05
1241 -5.57021e-05
1242 -5.47325e-05
1243 -5.54818e-05
1244 -5.7411e-05
1245 -6.09854e-05
1246 -6.36844e-05
1247 -6.72936e-05
1248 -6.82958e-05
1249 -7.00858e-05
1250 -6.46422e-05
1251 -6.09148e-05
1252 -5.5854e-05
1253 -5.27233e-05
1254 -5.18854e-05
1255 -5.43074e-05
1256 -5.82025e-05
1257 -6.48614e-05
1258 -6.6065e-05
1259 -6.64913e-05
1260 -6.61005e-05
1261 -6.50343e-05
1262 -6.20256e-05
1263 -5.90628e-05
1264 -5.59923e-05
1265 -5.29975e-05
1266 -4.95145e-05
1267 -4.53952e-05
1268 -4.32363e-05
1269 -3.95921e-05
1270 -3.49497e-05
1271 -3.22385e-05
1272 -2.91323e-05
1273 -2.68112e-05
1274 -2.12667e-05
1275 -1.19455e-05
1276 -3.9684e-06
1277 3.85907e-06
1278 1.07538e-05
1279 1.53422e-05
1280 1.75895e-05
1281 2.49193e-05
1282 3.44412e-05
1283 4.40498e-05
1284 4.92101e-05
1285 5.56362e-05
1286 6.29319e-05
1287 7.10207e-05
1288 7.7448e-05
1289 8.42526e-05
1290 8.99185e-05
1291 9.49738e-05
1292 9.91665e-05
1293 0.000104383
1294 0.000107236
1295 0.000110579
1296 0.000108533
1297 0.00010632
1298 0.000104117
1299 0.000100726
1300 9.77098e-05
1301 9.37123e-05
1302 9.07522e-05
1303 8.80124e-05
1304 8.48112e-05
1305 8.31823e-05
1306 7.94627e-05
1307 7.72862e-05
1308 7.45825e-05
1309 7.18241e-05
1310 7.18493e-05
1311 7.00351e-05
1312 6.74922e-05
1313 6.47224e-05
1314 5.96296e-05
1315 5.4715e-05
1316 4.80349e-05
1317 4.08474e-05
1318 3.54077e-05
1319 3.02474e-05
1320 2.25593e-05
1321 1.42291e-05
1322 6.00374e-06
1323 -1.77828e-07
1324 -4.64998e-06
1325 -9.58943e-06
1326 -1.50973e-05
1327 -1.77477e-05
1328 -1.85864e-05
1329 -1.95595e-05
1330 -1.9859e-05
1331 -2.0942e-05
1332 -2.28984e-05
1333 -2.27197e-05
1334 -2.39571e-05
1335 -2.43704e-05
1336 -2.42512e-05
1337 -2.36295e-05
1338 -2.58104e-05
1339 -2.78332e-05
1340 -3.15856e-05
1341 -3.32832e-05
1342 -3.76758e-05
1343 -4.1345e-05
1344 -4.2082e-05
1345 -4.46442e-05
1346 -4.86885e-05
1347 -5.03558e-05
1348 -5.11824e-05
1349 -5.13276e-05
1350 -4.88903e-05
1351 -4.84961e-05
1352 -4.55865e-05
1353 -4.5794e-05
1354 -4.73043e-05
1355 -4.87187e-05
1356 -4.93719e-05
1357 -5.11632e-05
1358 -5.03404e-05
1359 -4.82844e-05
1360 -4.58664e-05
1361 -3.78971e-05
1362 -3.20585e-05
1363 -2.76536e-05
1364 -2.21744e-05
1365 -1.63673e-05
1366 -1.32239e-05
1367 -9.03984e-06
1368 -3.0193e-06
1369 1.65781e-06
1370 5.01456e-06
1371 4.14072e-06
1372 3.38266e-06
1373 5.90966e-06
1374 7.47437e-06
1375 1.13911e-05
1376 1.72366e-05
1377 1.96847e-05
1378 2.52286e-05
1379 3.10156e-05
1380 3.66204e-05
1381 4.08447e-05
1382 4.3477e-05
1383 4.54795e-05
1384 4.75327e-05
1385 4.7334e-05
1386 4.82347e-05
1387 4.4808e-05
1388 4.26058e-05
1389 4.18761e-05
1390 3.79455e-05
1391 3.54684e-05
1392 3.32568e-05
1393 3.02983e-05
1394 2.70133e-05
1395 2.40074e-05
1396 2.26157e-05
1397 2.07892e-05
1398 1.86905e-05
1399 1.86786e-05
1400 2.02075e-05
1401 2.0679e-05
1402 2.00297e-05
1403 1.99634e-05
1404 1.93095e-05
1405 1.68007e-05
1406 1.22808e-05
1407 5.25597e-06
1408 1.57445e-07
1409 -5.64695e-06
1410 -8.93912e-06
1411 -1.05773e-05
1412 -1.67579e-05
1413 -2.32975e-05
1414 -2.78197e-05
1415 -3.22384e-05
1416 -3.6498e-05
1417 -3.91206e-05
1418 -3.97491e-05
1419 -4.01267e-05
1420 -4.19991e-05
1421 -4.42654e-05
1422 -4.73988e-05
1423 -5.25395e-05
1424 -6.01571e-05
1425 -6.73699e-05
1426 -7.39951e-05
1427 -8.05179e-05
1428 -8.80114e-05
1429 -9.47603e-05
1430 -9.98967e-05
1431 -0.00010329
1432 -0.000102365
1433 -0.000102095
1434 -0.000100088
1435 -9.76446e-05
1436 -9.31468e-05
1437 -9.03745e-05
1438 -8.45123e-05
1439 -7.99154e-05
1440 -7.72656e-05
1441 -7.64664e-05
1442 -7.57977e-05
1443 -7.60119e-05
1444 -7.71911e-05
1445 -7.67417e-05
1446 -7.35883e-05
1447 -7.13553e-05
1448 -6.77161e-05
1449 -6.57336e-05
1450 -6.48479e-05
1451 -6.37653e-05
1452 -6.2827e-05
1453 -6.45099e-05
1454 -6.6838e-05
1455 -7.14775e-05
1456 -7.61808e-05
1457 -7.9185e-05
1458 -7.97822e-05
1459 -8.16002e-05
1460 -8.27932e-05
1461 -8.44408e-05
1462 -8.47198e-05
1463 -8.58377e-05
1464 -9.20176e-05
1465 -9.74799e-05
1466 -0.000101073
1467 -0.000106567
1468 -0.000110919
1469 -0.000113831
1470 -0.000115623
1471 -0.000118682
1472 -0.000124624
1473 -0.000129969
1474 -0.000136792
1475 -0.000142528
1476 -0.000148114
1477 -0.000155165
1478 -0.000161121
1479 -0.000168586
1480 -0.000176388
1481 -0.000183536
1482 -0.000188435
1483 -0.000192931
1484 -0.000197304
1485 -0.000200132
1486 -0.0002068
1487 -0.000212742
1488 -0.00022031
1489 -0.000228966
1490 -0.00023711
1491 -0.000244269
1492 -0.000250225
1493 -0.000252604
1494 -0.000252006
1495 -0.000252814
1496 -0.000254128
1497 -0.000253012
1498 -0.000252855
1499 -0.000251051
1500 -0.000248932
1501 -0.000246515
1502 -0.000242721
1503 -0.000238684
1504 -0.000237005
1505 -0.000234904
1506 -0.000234452
1507 -0.000231858
1508 -0.000229626
1509 -0.000224975
1510 -0.000220506
1511 -0.000215544
1512 -0.000210748
1513 -0.000208462
1514 -0.000207598
1515 -0.000206047
1516 -0.000206073
1517 -0.000199931
1518 -0.00019234
1519 -0.000188245
1520 -0.000185776
1521 -0.000183569
1522 -0.000180587
1523 -0.000175795
1524 -0.000171821
1525 -0.000171043
1526 -0.000172126
1527 -0.000173591
1528 -0.000175596
1529 -0.000176852
1530 -0.000177731
1531 -0.000178758
1532 -0.000180179
1533 -0.000180714
1534 -0.000181955
1535 -0.000186102
1536 -0.000190132
1537 -0.00019239
1538 -0.000193242
1539 -0.000194593
1540 -0.000193143
1541 -0.000190132
1542 -0.000192671
1543 -0.000194538
1544 -0.000195858
1545 -0.000198074
1546 -0.000202225
1547 -0.000207991
1548 -0.000213175
1549 -0.00021576
1550 -0.000216401
1551 -0.000214765
1552 -0.000209057
1553 -0.000203121
1554 -0.000196232
1555 -0.000191804
1556 -0.000190179
1557 -0.000184681
1558 -0.000180114
1559 -0.00017402
1560 -0.000169655
1561 -0.000164884
1562 -0.000158498
1563 -0.000150974
1564 -0.000147723
1565 -0.000144717
1566 -0.000143101
1567 -0.000143954
1568 -0.000146773
1569 -0.000148281
1570 -0.000149287
1571 -0.000149815
1572 -0.000152032
1573 -0.000156518
1574 -0.000160454
1575 -0.000166854
1576 -0.000172725
1577 -0.000178744
1578 -0.000181575
1579 -0.000185111
1580 -0.000189113
1581 -0.00019038
1582 -0.000189112
1583 -0.000189696
1584 -0.000191224
1585 -0.00018859
1586 -0.000184572
1587 -0.000182808
1588 -0.000177356
1589 -0.000173688
1590 -0.00017276
1591 -0.000170533
1592 -0.000166106
1593 -0.000160796
1594 -0.000153624
1595 -0.000149223
1596 -0.000149067
1597 -0.000146773
1598 -0.000145801
1599 -0.000143923
1600 -0.000144329
1601 -0.000146145
1602 -0.000146728
1603 -0.000145157
1604 -0.000144616
1605 -0.000144454
1606 -0.00014584
1607 -0.000145845
1608 -0.00014669
1609 -0.000146366
1610 -0.000144046
1611 -0.000140347
1612 -0.000139497
1613 -0.000135816
1614 -0.000133496
1615 -0.000127168
1616 -0.000126153
1617 -0.000124423
1618 -0.000122849
1619 -0.000122935
1620 -0.00012697
1621 -0.000130113
1622 -0.000135755
1623 -0.000141232
1624 -0.000144594
1625 -0.000148529
1626 -0.000153941
1627 -0.000157786
1628 -0.000163175
1629 -0.00016901
1630 -0.00017475
1631 -0.000177227
1632 -0.000178701
1633 -0.00017964
1634 -0.00018038
1635 -0.00018022
1636 -0.000178892
1637 -0.000177537
1638 -0.000176935
1639 -0.000170468
1640 -0.000164515
1641 -0.000158799
1642 -0.000153972
1643 -0.000150941
1644 -0.000145697
1645 -0.000139573
1646 -0.000132435
1647 -0.000125292
1648 -0.000119332
1649 -0.000111794
1650 -0.000104261
1651 -9.63554e-05
1652 -8.77314e-05
1653 -8.01885e-05
1654 -7.21487e-05
1655 -6.71806e-05
1656 -5.83487e-05
1657 -5.15348e-05
1658 -4.51869e-05
1659 -4.18916e-05
1660 -4.21932e-05
1661 -3.94183e-05
1662 -3.95294e-05
1663 -3.38598e-05
1664 -2.68425e-05
1665 -2.09443e-05
1666 -1.80098e-05
1667 -1.9883e-05
1668 -2.14186e-05
1669 -2.32734e-05
1670 -3.001e-05
1671 -3.43387e-05
1672 -3.85664e-05
1673 -4.08775e-05
1674 -4.66672e-05
1675 -5.09594e-05
1676 -5.58221e-05
1677 -6.10683e-05
1678 -6.68899e-05
1679 -7.35115e-05
1680 -7.49714e-05
1681 -7.84097e-05
1682 -8.23051e-05
1683 -8.53233e-05
1684 -8.26968e-05
1685 -8.39715e-05
1686 -8.1659e-05
1687 -8.1424e-05
1688 -8.34223e-05
1689 -8.23657e-05
1690 -7.65775e-05
1691 -7.43995e-05
1692 -7.18562e-05
1693 -7.10008e-05
1694 -6.50039e-05
1695 -5.90582e-05
1696 -5.7199e-05
1697 -5.56167e-05
1698 -5.25564e-05
1699 -5.44088e-05
1700 -5.74562e-05
1701 -5.82661e-05
1702 -5.87418e-05
1703 -5.93544e-05
1704 -6.0061e-05
1705 -6.01428e-05
1706 -6.36008e-05
1707 -6.81812e-05
1708 -7.20983e-05
1709 -7.86594e-05
1710 -8.36235e-05
1711 -8.43842e-05
1712 -8.05922e-05
1713 -7.88663e-05
1714 -7.76593e-05
1715 -7.7721e-05
1716 -7.64843e-05
1717 -7.92438e-05
1718 -8.15919e-05
1719 -8.5364e-05
1720 -8.95096e-05
1721 -9.00062e-05
1722 -9.16029e-05
1723 -9.29544e-05
1724 -9.19247e-05
1725 -9.21053e-05
1726 -8.95446e-05
1727 -8.59056e-05
1728 -8.12094e-05
1729 -7.38917e-05
1730 -6.85233e-05
1731 -6.09999e-05
1732 -5.64187e-05
1733 -5.03246e-05
1734 -4.37e-05
1735 -3.89093e-05
1736 -3.56079e-05
1737 -3.5229e-05
1738 -3.52304e-05
1739 -3.74922e-05
1740 -4.13634e-05
1741 -4.57783e-05
1742 -5.13198e-05
1743 -5.5447e-05
1744 -6.05212e-05
1745 -6.80064e-05
1746 -7.55035e-05
1747 -8.16381e-05
1748 -8.66361e-05
1749 -9.32951e-05
1750 -9.55969e-05
1751 -9.63238e-05
1752 -9.82697e-05
1753 -0.000102228
1754 -0.0001047
1755 -0.000106138
1756 -0.000110132
1757 -0.000113282
1758 -0.000112233
1759 -0.000113618
1760 -0.000114107
1761 -0.000113052
1762 -0.000107371
1763 -0.000101832
1764 -9.50436e-05
1765 -8.97431e-05
1766 -8.48113e-05
1767 -7.88e-05
1768 -7.56008e-05
1769 -7.22568e-05
1770 -7.40678e-05
1771 -7.312e-05
1772 -7.21159e-05
1773 -6.7697e-05
1774 -6.76323e-05
1775 -6.90563e-05
1776 -6.82702e-05
1777 -6.56051e-05
1778 -6.38105e-05
1779 -6.47043e-05
1780 -6.60723e-05
1781 -7.05247e-05
1782 -7.37471e-05
1783 -7.87736e-05
1784 -8.35334e-05
1785 -8.57926e-05
1786 -8.99967e-05
1787 -9.67201e-05
1788 -0.00010346
1789 -0.000108074
1790 -0.000110555
1791 -0.000115388
1792 -0.000122551
1793 -0.00013149
1794 -0.000138036
1795 -0.000145884
1796 -0.000152729
1797 -0.000157988
1798 -0.000162023
1799 -0.000167374
1800 -0.000170508
1801 -0.000175449
1802 -0.000179807
1803 -0.000182845
1804 -0.00018621
1805 -0.000187713
1806 -0.000189809
1807 -0.00019398
1808 -0.000200269
1809 -0.000203261
1810 -0.000206609
1811 -0.00020958
1812 -0.000210309
1813 -0.000208896
1814 -0.000207251
1815 -0.000207719
1816 -0.000207231
1817 -0.000208708
1818 -0.000211638
1819 -0.00021241
1820 -0.000215362
1821 -0.000221821
1822 -0.000230403
1823 -0.000235724
1824 -0.000238347
1825 -0.00024292
1826 -0.000245217
1827 -0.000246889
1828 -0.000249004
1829 -0.000250638
1830 -0.000252273
1831 -0.000253874
1832 -0.000254489
1833 -0.000253829
1834 -0.000254901
1835 -0.000253689
1836 -0.000251926
1837 -0.000249736
1838 -0.000247456
1839 -0.000247614
1840 -0.000248753
1841 -0.000248406
1842 -0.000249681
1843 -0.00024841
1844 -0.000246339
1845 -0.000239924
1846 -0.000233324
1847 -0.000229564
1848 -0.000225887
1849 -0.000225788
1850 -0.000229672
1851 -0.000231213
1852 -0.000232866
1853 -0.000231269
1854 -0.000229272
1855 -0.000223741
1856 -0.000222035
1857 -0.000222655
1858 -0.0002229
1859 -0.000218638
1860 -0.000215696
1861 -0.000210269
1862 -0.000205092
1863 -0.000201513
1864 -0.000201585
1865 -0.000202097
1866 -0.000202993
1867 -0.000206267
1868 -0.000210479
1869 -0.000212091
1870 -0.00021331
1871 -0.000209235
1872 -0.000203276
1873 -0.000197612
1874 -0.000190362
1875 -0.000182022
1876 -0.000174047
1877 -0.00016483
1878 -0.000149356
1879 -0.000134372
1880 -0.000121075
1881 -0.000114656
1882 -0.000107913
1883 -0.000102293
1884 -9.39527e-05
1885 -8.81501e-05
1886 -8.4374e-05
1887 -7.80649e-05
1888 -7.45489e-05
1889 -7.33609e-05
1890 -7.39481e-05
1891 -7.28197e-05
1892 -7.24138e-05
1893 -7.44209e-05
1894 -7.54723e-05
1895 -7.453e-05
1896 -6.99169e-05
1897 -6.6707e-05
1898 -6.60031e-05
1899 -6.50777e-05
1900 -6.78097e-05
1901 -7.22118e-05
1902 -7.59478e-05
1903 -7.98425e-05
1904 -8.27362e-05
1905 -8.89276e-05
1906 -9.37447e-05
1907 -9.66434e-05
1908 -9.90339e-05
1909 -9.97278e-05
1910 -0.0001001
1911 -9.71375e-05
1912 -9.16604e-05
1913 -8.67142e-05
1914 -7.89522e-05
1915 -7.22406e-05
1916 -6.67939e-05
1917 -5.97252e-05
1918 -4.97829e-05
1919 -3.77524e-05
1920 -2.35409e-05
1921 -1.07581e-05
1922 -6.11041e-06
1923 -1.75582e-06
1924 -1.08235e-06
1925 -1.92671e-06
1926 1.34475e-06
1927 6.98701e-06
1928 1.19024e-05
1929 1.55301e-05
1930 1.89702e-05
1931 2.69233e-05
1932 3.71938e-05
1933 4.41737e-05
1934 5.06172e-05
1935 5.45267e-05
1936 5.96874e-05
1937 6.39089e-05
1938 6.64834e-05
1939 6.83519e-05
1940 7.19514e-05
1941 7.57198e-05
1942 8.1332e-05
1943 8.53021e-05
1944 8.75294e-05
1945 8.73329e-05
1946 8.80443e-05
1947 9.03225e-05
1948 9.09194e-05
1949 8.78394e-05
1950 8.65632e-05
1951 8.1061e-05
1952 7.4568e-05
1953 7.25053e-05
1954 7.03738e-05
1955 6.56334e-05
1956 6.07359e-05
1957 5.62222e-05
1958 5.08052e-05
1959 4.50818e-05
1960 4.10099e-05
1961 3.79002e-05
1962 3.53806e-05
1963 3.39974e-05
1964 3.1844e-05
1965 3.06661e-05
1966 2.83442e-05
1967 2.54699e-05
1968 1.92744e-05
1969 1.24881e-05
1970 8.09799e-06
1971 4.43748e-06
1972 5.10907e-07
1973 -4.58574e-06
1974 -8.80911e-06
1975 -1.20859e-05
1976 -1.4862e-05
1977 -1.57524e-05
1978 -1.51604e-05
1979 -1.31059e-05
1980 -1.03361e-05
1981 -8.49316e-06
1982 -8.06119e-06
1983 -9.79186e-06
1984 -1.09238e-05
1985 -8.77385e-06
1986 -7.58432e-06
1987 -1.16827e-05
1988 -1.31084e-05
1989 -1.3502e-05
1990 -1.39205e-05
1991 -1.36912e-05
1992 -1.07523e-05
1993 -8.0612e-06
1994 -5.4792e-06
1995 -4.31001e-06
1996 -5.86749e-06
1997 -8.54424e-06
1998 -6.60187e-06
1999 -3.49317e-06
2000 -5.31481e-06
2001 -5.59671e-06
2002 -3.84045e-06
2003 -4.50737e-06
2004 -1.9353e-06
2005 7.14166e-09
2006 5.40569e-06
2007 9.22306e-06
2008 1.46041e-05
2009 1.99344e-05
2010 2.50298e-05
2011 2.74759e-05
2012 2.71775e-05
2013 3.11237e-05
2014 3.10951e-05
2015 2.9435e-05
2016 2.92468e-05
2017 2.93824e-05
2018 2.95166e-05
2019 3.18298e-05
2020 3.44967e-05
2021 3.3184e-05
2022 3.03883e-05
2023 2.83693e-05
2024 2.40355e-05
2025 2.12155e-05
2026 1.79672e-05
2027 1.51954e-05
2028 1.20805e-05
2029 8.20409e-06
2030 6.00095e-06
2031 6.94816e-06
2032 9.34528e-06
2033 7.58057e-06
2034 5.76256e-06
2035 1.39179e-06
2036 -2.69674e-06
2037 -3.49256e-06
2038 -6.09281e-06
2039 -9.59677e-06
2040 -1.17816e-05
2041 -1.13186e-05
2042 -1.13703e-05
2043 -1.53789e-05
2044 -2.26886e-05
2045 -2.72622e-05
2046 -3.41383e-05
2047 -4.064e-05
2048 -4.91094e-05
2049 -5.5552e-05
2050 -6.22307e-05
2051 -7.12514e-05
2052 -7.93871e-05
2053 -8.62977e-05
2054 -9.34981e-05
2055 -0.000100566
2056 -0.000105137
2057 -0.000109796
2058 -0.0001127
2059 -0.0001173
2060 -0.00012315
2061 -0.00012901
2062 -0.000130468
2063 -0.000127156
2064 -0.000120373
2065 -0.000113058
2066 -0.000104259
2067 -0.000100317
2068 -9.71826e-05
2069 -9.45864e-05
2070 -8.97434e-05
2071 -8.39663e-05
2072 -7.75394e-05
2073 -6.90827e-05
2074 -6.04977e-05
2075 -5.43369e-05
2076 -4.97178e-05
2077 -4.51768e-05
2078 -4.32199e-05
2079 -3.96589e-05
2080 -3.78123e-05
2081 -3.39077e-05
2082 -3.12256e-05
2083 -3.232e-05
2084 -3.38584e-05
2085 -3.50116e-05
2086 -3.60458e-05
2087 -3.82149e-05
2088 -4.15595e-05
2089 -4.48265e-05
2090 -4.64929e-05
2091 -5.0839e-05
2092 -5.47143e-05
2093 -5.49777e-05
2094 -5.69625e-05
2095 -5.78794e-05
2096 -5.42673e-05
2097 -5.05753e-05
2098 -4.67384e-05
2099 -4.30284e-05
2100 -4.07665e-05
2101 -4.01001e-05
2102 -4.15886e-05
2103 -4.62794e-05
2104 -5.21789e-05
2105 -5.86297e-05
2106 -6.01642e-05
2107 -6.33995e-05
2108 -6.57849e-05
2109 -6.87042e-05
2110 -7.02229e-05
2111 -7.07615e-05
2112 -6.69817e-05
2113 -6.33245e-05
2114 -6.03187e-05
2115 -6.03974e-05
2116 -6.22087e-05
2117 -6.13272e-05
2118 -5.95516e-05
2119 -5.76325e-05
2120 -5.98396e-05
2121 -6.25729e-05
2122 -6.55425e-05
2123 -6.59202e-05
2124 -6.32119e-05
2125 -6.33073e-05
2126 -6.03042e-05
2127 -5.65816e-05
2128 -5.45075e-05
2129 -5.20341e-05
2130 -4.89352e-05
2131 -4.52719e-05
2132 -3.94032e-05
2133 -3.32829e-05
2134 -2.85009e-05
2135 -2.81259e-05
2136 -2.90493e-05
2137 -2.95998e-05
2138 -3.35805e-05
2139 -3.66173e-05
2140 -4.00411e-05
2141 -3.9305e-05
2142 -3.72178e-05
2143 -3.1931e-05
2144 -3.51306e-05
2145 -3.62107e-05
2146 -3.4361e-05
2147 -3.66641e-05
2148 -3.56374e-05
2149 -3.81256e-05
2150 -3.89823e-05
2151 -4.11806e-05
2152 -4.25371e-05
2153 -4.6058e-05
2154 -5.01467e-05
2155 -5.21981e-05
2156 -5.20763e-05
2157 -5.25338e-05
2158 -5.39221e-05
2159 -5.44806e-05
2160 -5.55393e-05
2161 -5.78969e-05
2162 -6.13791e-05
2163 -6.52908e-05
2164 -6.88177e-05
2165 -7.19107e-05
2166 -7.59954e-05
2167 -7.93268e-05
2168 -8.2967e-05
2169 -8.49229e-05
2170 -8.87939e-05
2171 -8.80312e-05
2172 -8.57767e-05
2173 -8.53627e-05
2174 -8.42918e-05
2175 -8.40873e-05
2176 -8.34011e-05
2177 -8.52696e-05
2178 -8.59703e-05
2179 -8.22607e-05
2180 -7.89837e-05
2181 -7.60011e-05
2182 -7.19027e-05
2183 -6.63121e-05
2184 -6.47557e-05
2185 -6.42978e-05
2186 -5.86756e-05
2187 -5.65889e-05
2188 -6.11881e-05
2189 -6.46657e-05
2190 -6.42283e-05
2191 -6.28698e-05
2192 -6.22724e-05
2193 -6.0994e-05
2194 -6.15098e-05
2195 -6.0246e-05
2196 -6.1245e-05
2197 -6.18371e-05
2198 -6.18875e-05
2199 -6.5598e-05
2200 -6.8938e-05
2201 -7.24124e-05
2202 -7.56643e-05
2203 -8.31336e-05
2204 -8.96758e-05
2205 -9.48755e-05
2206 -0.00010023
2207 -0.000103929
2208 -0.000107331
2209 -0.000106339
2210 -0.000101721
2211 -9.71278e-05
2212 -9.31013e-05
2213 -8.53704e-05
2214 -7.87089e-05
2215 -7.4628e-05
2216 -6.9796e-05
2217 -6.91229e-05
2218 -6.6683e-05
2219 -6.63002e-05
2220 -6.86091e-05
2221 -6.83314e-05
2222 -6.66431e-05
2223 -6.576e-05
2224 -6.67991e-05
2225 -6.10907e-05
2226 -5.58825e-05
2227 -5.48866e-05
2228 -5.49071e-05
2229 -5.68375e-05
2230 -6.01851e-05
2231 -6.41318e-05
2232 -6.71282e-05
2233 -7.04941e-05
2234 -7.58523e-05
2235 -8.20829e-05
2236 -8.72794e-05
2237 -9.00682e-05
2238 -9.2941e-05
2239 -9.39638e-05
2240 -9.58978e-05
2241 -9.78107e-05
2242 -0.000101064
2243 -0.000103304
2244 -0.000103499
2245 -9.98843e-05
2246 -9.83919e-05
2247 -9.36193e-05
2248 -8.70288e-05
2249 -8.31905e-05
2250 -7.70838e-05
2251 -7.01186e-05
2252 -5.96629e-05
2253 -5.35782e-05
2254 -4.8503e-05
2255 -4.72679e-05
2256 -4.65133e-05
2257 -4.7822e-05
2258 -5.14632e-05
2259 -5.41182e-05
2260 -5.68088e-05
2261 -6.28843e-05
2262 -6.87001e-05
2263 -7.38798e-05
2264 -7.7674e-05
2265 -7.69803e-05
2266 -7.23888e-05
2267 -6.97495e-05
2268 -6.88575e-05
2269 -6.50678e-05
2270 -5.9225e-05
2271 -5.36577e-05
2272 -4.46331e-05
2273 -3.57203e-05
2274 -2.70357e-05
2275 -1.40246e-05
2276 -6.99701e-06
2277 -2.18267e-06
2278 -8.59751e-09
2279 6.05499e-07
2280 1.58829e-06
2281 8.24087e-07
2282 2.08106e-06
2283 6.35998e-06
2284 4.17168e-06
2285 3.58428e-06
2286 4.6742e-06
2287 6.01751e-06
2288 7.20189e-06
2289 7.0665e-06
2290 9.31579e-06
2291 8.06749e-06
2292 8.25614e-06
2293 7.20258e-06
2294 3.49944e-06
2295 -5.736e-07
2296 -2.49113e-06
2297 -1.72086e-06
2298 -3.47238e-06
2299 -2.26053e-06
2300 8.65223e-07
2301 3.21916e-06
2302 1.09449e-06
2303 -2.4765e-06
2304 -6.79554e-06
2305 -1.29359e-05
2306 -1.53111e-05
2307 -1.93559e-05
2308 -2.36508e-05
2309 -2.51755e-05
2310 -2.70286e-05
2311 -2.80555e-05
2312 -2.66661e-05
2313 -2.42953e-05
2314 -2.2323e-05
2315 -2.36101e-05
2316 -2.66216e-05
2317 -3.05429e-05
2318 -3.08389e-05
2319 -3.15968e-05
2320 -3.12923e-05
2321 -2.968e-05
2322 -3.00158e-05
2323 -3.03525e-05
2324 -3.14086e-05
2325 -3.20817e-05
2326 -3.49999e-05
2327 -3.67667e-05
2328 -3.72813e-05
2329 -3.31096e-05
2330 -2.99654e-05
2331 -2.87377e-05
2332 -2.99766e-05
2333 -2.56591e-05
2334 -2.38092e-05
2335 -1.90921e-05
2336 -1.58171e-05
2337 -1.37563e-05
2338 -1.34745e-05
2339 -1.74863e-05
2340 -2.11959e-05
2341 -2.53534e-05
2342 -2.82957e-05
2343 -2.87941e-05
2344 -3.34772e-05
2345 -3.81967e-05
2346 -3.96616e-05
2347 -4.39579e-05
2348 -4.79835e-05
2349 -4.85245e-05
2350 -4.88776e-05
2351 -4.92036e-05
2352 -4.98304e-05
2353 -5.28549e-05
2354 -5.47499e-05
2355 -5.44353e-05
2356 -5.63806e-05
2357 -5.81739e-05
2358 -6.23202e-05
2359 -6.36923e-05
2360 -6.4264e-05
2361 -6.15368e-05
2362 -5.58929e-05
2363 -4.78701e-05
2364 -4.06174e-05
2365 -3.10729e-05
2366 -2.15562e-05
2367 -1.17711e-05
2368 -4.12513e-06
2369 2.8163e-06
2370 7.53013e-06
2371 8.37177e-06
2372 8.52777e-06
2373 1.14094e-05
2374 1.56144e-05
2375 2.01216e-05
2376 2.36423e-05
2377 2.34751e-05
2378 2.53978e-05
2379 2.86751e-05
2380 3.01447e-05
2381 3.00596e-05
2382 3.02831e-05
2383 3.18815e-05
2384 3.53469e-05
2385 4.06741e-05
2386 4.22363e-05
2387 4.12993e-05
2388 3.44926e-05
2389 2.85354e-05
2390 2.12824e-05
2391 1.24568e-05
2392 2.14589e-06
2393 -6.87991e-06
2394 -1.56723e-05
2395 -2.38707e-05
2396 -3.2693e-05
2397 -4.09256e-05
2398 -4.77298e-05
2399 -4.95769e-05
2400 -4.95698e-05
2401 -4.79372e-05
2402 -4.58544e-05
2403 -4.19402e-05
2404 -3.99459e-05
2405 -3.70331e-05
2406 -3.12843e-05
2407 -2.77232e-05
2408 -2.56887e-05
2409 -2.53513e-05
2410 -2.1417e-05
2411 -1.93625e-05
2412 -1.64361e-05
2413 -1.2852e-05
2414 -1.00248e-05
2415 -9.28792e-06
2416 -9.10841e-06
2417 -8.88525e-06
2418 -1.05992e-05
2419 -1.20778e-05
2420 -1.34486e-05
2421 -1.3012e-05
2422 -1.45583e-05
2423 -1.65395e-05
2424 -2.04393e-05
2425 -2.48525e-05
2426 -3.00893e-05
2427 -3.55081e-05
2428 -3.96683e-05
2429 -4.64106e-05
2430 -5.10574e-05
2431 -5.58965e-05
2432 -5.88383e-05
2433 -6.6309e-05
2434 -7.36327e-05
2435 -7.97303e-05
2436 -8.49087e-05
2437 -9.0134e-05
2438 -9.45934e-05
2439 -9.77409e-05
2440 -0.000103328
2441 -0.000108777
2442 -0.000115279
2443 -0.000122757
2444 -0.000132075
2445 -0.000138913
2446 -0.000144994
2447 -0.000153557
2448 -0.000159964
2449 -0.000167073
2450 -0.000171695
2451 -0.000175927
2452 -0.000179316
2453 -0.000179641
2454 -0.000178583
2455 -0.000180371
2456 -0.000177965
2457 -0.000173045
2458 -0.000165828
2459 -0.000161047
2460 -0.000156996
2461 -0.000154911
2462 -0.000149827
2463 -0.000146351
2464 -0.000147873
2465 -0.000148552
2466 -0.000143492
2467 -0.000138378
2468 -0.000135276
2469 -0.000136585
2470 -0.000137179
2471 -0.000137063
2472 -0.000139733
2473 -0.000140018
2474 -0.000139221
2475 -0.000137633
2476 -0.000139148
2477 -0.000142484
2478 -0.000142434
2479 -0.000145159
2480 -0.000145248
2481 -0.000145098
2482 -0.000145743
2483 -0.000145696
2484 -0.000146519
2485 -0.000152882
2486 -0.000158485
2487 -0.000164518
2488 -0.00016946
2489 -0.000174745
2490 -0.00017588
2491 -0.000179127
2492 -0.000181065
2493 -0.000185935
2494 -0.000188343
2495 -0.00019098
2496 -0.000195008
2497 -0.00019904
2498 -0.000205048
2499 -0.000210479
2500 -0.000214752
2501 -0.000218933
2502 -0.000221582
2503 -0.000225869
2504 -0.000228232
2505 -0.000230318
2506 -0.000234775
2507 -0.000238727
2508 -0.000243596
2509 -0.000246557
2510 -0.000242581
2511 -0.000239277
2512 -0.000237457
2513 -0.000236075
2514 -0.000237245
2515 -0.000235613
2516 -0.000233231
2517 -0.000232636
2518 -0.000227552
2519 -0.000226152
2520 -0.00022579
2521 -0.000228173
2522 -0.000231227
2523 -0.00023032
2524 -0.000226441
2525 -0.000223755
2526 -0.000221686
2527 -0.000222165
2528 -0.000226963
2529 -0.000229522
2530 -0.000232235
2531 -0.00023619
2532 -0.000242005
2533 -0.00024296
2534 -0.000245239
2535 -0.000248853
2536 -0.000252252
2537 -0.000257292
2538 -0.000255961
2539 -0.000257835
2540 -0.00025702
2541 -0.00025469
2542 -0.00025187
2543 -0.000251718
2544 -0.000255443
2545 -0.000256351
2546 -0.000254765
2547 -0.000250342
2548 -0.000246675
2549 -0.000244444
2550 -0.000237487
2551 -0.000228421
2552 -0.000221752
2553 -0.000216861
2554 -0.000214167
2555 -0.000213499
2556 -0.000215112
2557 -0.000219624
2558 -0.000224671
2559 -0.000230866
2560 -0.000235408
2561 -0.000240214
2562 -0.000245076
2563 -0.000251588
2564 -0.000257372
2565 -0.000260454
2566 -0.000264601
2567 -0.000273509
2568 -0.000280171
2569 -0.000282158
2570 -0.000283826
2571 -0.000285061
2572 -0.000284973
2573 -0.000285168
2574 -0.000283657
2575 -0.000283447
2576 -0.000284146
2577 -0.00028719
2578 -0.000290033
2579 -0.000294075
2580 -0.000295149
2581 -0.000297356
2582 -0.000299834
2583 -0.000296771
2584 -0.000290532
2585 -0.000285343
2586 -0.000285102
2587 -0.000283551
2588 -0.000282319
2589 -0.000277628
2590 -0.000278349
2591 -0.000277497
2592 -0.000278023
2593 -0.000280082
2594 -0.000282748
2595 -0.000283732
2596 -0.000283257
2597 -0.00028114
2598 -0.00027958
2599 -0.000277188
2600 -0.000276288
2601 -0.000273959
2602 -0.000270891
2603 -0.000270585
2604 -0.0002746
2605 -0.000276168
2606 -0.000276492
2607 -0.000275833
2608 -0.000276005
2609 -0.000277479
2610 -0.000273302
2611 -0.000268467
2612 -0.000265095
2613 -0.000260058
2614 -0.000256388
2615 -0.000253501
2616 -0.000250029
2617 -0.000248511
2618 -0.000249485
2619 -0.00024915
2620 -0.000242792
2621 -0.000242017
2622 -0.000246041
2623 -0.000248091
2624 -0.000248532
2625 -0.000248622
2626 -0.0002486
2627 -0.000249066
2628 -0.000252937
2629 -0.000256766
2630 -0.00025973
2631 -0.000264259
2632 -0.000265355
2633 -0.000265233
2634 -0.00027081
2635 -0.00027868
2636 -0.000284554
2637 -0.000291014
2638 -0.000293878
2639 -0.000300194
2640 -0.000305042
2641 -0.000311664
2642 -0.000316733
2643 -0.000323377
2644 -0.000332241
2645 -0.000339422
2646 -0.000345264
2647 -0.000352789
2648 -0.000360985
2649 -0.000371705
2650 -0.000381932
2651 -0.000392391
2652 -0.000400971
2653 -0.000407444
2654 -0.000414307
2655 -0.000417601
2656 -0.000419818
2657 -0.000424371
2658 -0.00042617
2659 -0.000425934
2660 -0.000427053
2661 -0.000428296
2662 -0.000426863
2663 -0.000428287
2664 -0.000428625
2665 -0.000422728
2666 -0.000421536
2667 -0.000423562
2668 -0.000428147
2669 -0.000431174
2670 -0.000433033
2671 -0.000435139
2672 -0.000438721
2673 -0.000440832
2674 -0.000447306
2675 -0.00045206
2676 -0.000456656
2677 -0.000462665
2678 -0.000467327
2679 -0.000472449
2680 -0.000477569
2681 -0.000482276
2682 -0.000486411
2683 -0.000490303
2684 -0.000491717
2685 -0.000494769
2686 -0.000497528
2687 -0.000500265
2688 -0.000505419
2689 -0.000511211
2690 -0.000516066
2691 -0.000524758
2692 -0.000533083
2693 -0.000543154
2694 -0.00055291
2695 -0.000562389
2696 -0.000570223
2697 -0.000574437
2698 -0.000576544
2699 -0.000576094
2700 -0.000578623
2701 -0.000580012
2702 -0.00057915
2703 -0.000578465
2704 -0.000577113
2705 -0.00057546
2706 -0.000575273
2707 -0.000572345
2708 -0.000569661
2709 -0.000568346
2710 -0.000562819
2711 -0.000550243
2712 -0.000535196
2713 -0.000522366
2714 -0.000510587
2715 -0.000501695
2716 -0.000489724
2717 -0.000485301
2718 -0.000479168
2719 -0.000472453
2720 -0.000470502
2721 -0.000470688
2722 -0.000468018
2723 -0.000467674
2724 -0.00046629
2725 -0.000470043
2726 -0.000473094
2727 -0.000472787
2728 -0.000471508
2729 -0.000470738
2730 -0.000467953
2731 -0.00046914
2732 -0.00047234
2733 -0.000473828
2734 -0.000475755
2735 -0.000475532
2736 -0.000474425
2737 -0.000468894
2738 -0.000461575
2739 -0.000456764
2740 -0.000457829
2741 -0.000457893
2742 -0.000461859
2743 -0.000464628
2744 -0.000464244
2745 -0.000465149
2746 -0.000464483
2747 -0.000462527
2748 -0.000455697
2749 -0.000452439
2750 -0.00044979
2751 -0.000448464
2752 -0.000447138
2753 -0.000445269
2754 -0.000446811
2755 -0.000449881
2756 -0.00045405
2757 -0.000459467
2758 -0.0004673
2759 -0.000473687
2760 -0.000479943
2761 -0.000485712
2762 -0.000489863
2763 -0.000485758
2764 -0.000479325
2765 -0.000470916
2766 -0.000464931
2767 -0.000458812
2768 -0.000458916
2769 -0.000459775
2770 -0.000462705
2771 -0.000463016
2772 -0.000461976
2773 -0.000463002
2774 -0.000462995
2775 -0.00046373
2776 -0.000459608
2777 -0.000455353
2778 -0.000447481
2779 -0.000438014
2780 -0.000433901
2781 -0.000430837
2782 -0.00042664
2783 -0.000424955
2784 -0.000424589
2785 -0.000427497
2786 -0.000428641
2787 -0.000431861
2788 -0.00043979
2789 -0.000448408
2790 -0.000454614
2791 -0.000462108
2792 -0.000466423
2793 -0.000470426
2794 -0.000470368
2795 -0.000469384
2796 -0.000467948
2797 -0.000469051
2798 -0.00046921
2799 -0.000467391
2800 -0.000461088
2801 -0.000455392
2802 -0.000446822
2803 -0.00044856
2804 -0.000451608
2805 -0.00045623
2806 -0.00045451
2807 -0.000450181
2808 -0.000446387
2809 -0.000442865
2810 -0.000443415
2811 -0.000443212
2812 -0.000446008
2813 -0.000443053
2814 -0.000439659
2815 -0.000441101
2816 -0.000443821
2817 -0.000442646
2818 -0.000442575
2819 -0.000438028
2820 -0.000437737
2821 -0.000438053
2822 -0.000438489
2823 -0.000437507
2824 -0.000442394
2825 -0.000443415
2826 -0.000442148
2827 -0.000441738
2828 -0.000446697
2829 -0.000452548
2830 -0.000457325
2831 -0.000462986
2832 -0.000469212
2833 -0.000472321
2834 -0.00047823
2835 -0.000482304
2836 -0.000488514
2837 -0.000494507
2838 -0.000503182
2839 -0.000508873
2840 -0.00051861
2841 -0.000528908
2842 -0.000536148
2843 -0.00054533
2844 -0.000553371
2845 -0.00055897
2846 -0.000565586
2847 -0.000572675
2848 -0.000581076
2849 -0.000588513
2850 -0.000595807
2851 -0.000600188
2852 -0.000600684
2853 -0.000602944
2854 -0.000606278
2855 -0.000611406
2856 -0.000618487
2857 -0.000621119
2858 -0.000619078
2859 -0.000612701
2860 -0.00060754
2861 -0.000601989
2862 -0.000589998
2863 -0.000581965
2864 -0.000575962
2865 -0.000573546
2866 -0.000572482
2867 -0.00057322
2868 -0.000573133
2869 -0.000572254
2870 -0.000574627
2871 -0.000577641
2872 -0.000579113
2873 -0.000581544
2874 -0.000584275
2875 -0.000589619
2876 -0.000591584
2877 -0.000592551
2878 -0.000590448
2879 -0.000587866
2880 -0.000583427
2881 -0.000577103
2882 -0.000572974
2883 -0.000572834
2884 -0.000568866
2885 -0.000569317
2886 -0.000570241
2887 -0.000572012
2888 -0.000573127
2889 -0.000571824
2890 -0.00056601
2891 -0.000557809
2892 -0.000544424
2893 -0.000534166
2894 -0.000528458
2895 -0.000524227
2896 -0.000518558
2897 -0.000512525
2898 -0.000504584
2899 -0.000496836
2900 -0.000489819
2901 -0.000482299
2902 -0.000476881
2903 -0.000468987
2904 -0.00046409
2905 -0.000459558
2906 -0.000450912
2907 -0.000440591
2908 -0.000427942
2909 -0.000419395
2910 -0.000413295
2911 -0.000405038
2912 -0.000390067
2913 -0.000385243
2914 -0.000382999
2915 -0.000384177
2916 -0.000383674
2917 -0.000384957
2918 -0.000386299
2919 -0.000390567
2920 -0.00039476
2921 -0.000394775
2922 -0.000394465
2923 -0.000392941
2924 -0.000391268
2925 -0.000387808
2926 -0.000386233
2927 -0.000382089
2928 -0.000378268
2929 -0.000374126
2930 -0.000374443
2931 -0.00037333
2932 -0.000373713
2933 -0.000373846
2934 -0.000373185
2935 -0.000373173
2936 -0.000367557
2937 -0.000364202
2938 -0.000360926
2939 -0.000355313
2940 -0.000348227
2941 -0.000345093
2942 -0.000344477
2943 -0.000347631
2944 -0.000347787
2945 -0.000345547
2946 -0.000340174
2947 -0.000339046
2948 -0.000340696
2949 -0.000343948
2950 -0.000343091
2951 -0.000343796
2952 -0.000339259
2953 -0.000335373
2954 -0.000332653
2955 -0.000327162
2956 -0.000323693
2957 -0.000319874
2958 -0.000317078
2959 -0.00031053
2960 -0.000305268
2961 -0.000303317
2962 -0.00030333
2963 -0.000308396
2964 -0.000312737
2965 -0.000316734
2966 -0.00031732
2967 -0.000316315
2968 -0.000312038
2969 -0.000306917
2970 -0.00030675
2971 -0.000308383
2972 -0.000307607
2973 -0.000305216
2974 -0.000301444
2975 -0.000298237
2976 -0.000296689
2977 -0.000300432
2978 -0.000296514
2979 -0.000292716
2980 -0.000293679
2981 -0.000291295
2982 -0.000289396
2983 -0.000291027
2984 -0.00029513
2985 -0.000300727
2986 -0.00030425
2987 -0.000309587
2988 -0.000317371
2989 -0.000318935
2990 -0.000324892
2991 -0.000329638
2992 -0.000330468
2993 -0.000331539
2994 -0.000328164
2995 -0.000326287
2996 -0.000319983
2997 -0.000315765
2998 -0.000313775
2999 -0.000310855
